115.500000 6.500000 27.590000
116.500000 6.500000 30.000000
117.500000 6.500000 30.000000
118.500000 6.500000 27.640000
119.500000 6.500000 14.370000
120.500000 6.500000 17.960000
121.500000 6.500000 24.860000
122.500000 6.500000 15.470000
123.500000 6.500000 8.930000
124.500000 6.500000 31.000000
125.500000 6.500000 30.650000
126.500000 6.500000 18.730000
115.500000 5.500000 30.000000
116.500000 5.500000 31.000000
117.500000 5.500000 31.000000
118.500000 5.500000 30.000000
119.500000 5.500000 27.740000
120.500000 5.500000 24.430000
121.500000 5.500000 8.920000
122.500000 5.500000 9.020000
123.500000 5.500000 9.060000
124.500000 5.500000 8.940000
125.500000 5.500000 21.050000
126.500000 5.500000 13.230000
115.500000 4.500000 33.000000
116.500000 4.500000 33.000000
117.500000 4.500000 33.000000
118.500000 4.500000 29.840000
119.500000 4.500000 23.300000
120.500000 4.500000 9.050000
121.500000 4.500000 9.100000
122.500000 4.500000 9.020000
123.500000 4.500000 9.060000
124.500000 4.500000 9.070000
125.500000 4.500000 21.120000
126.500000 4.500000 16.850000
115.500000 3.500000 33.000000
116.500000 3.500000 32.000000
117.500000 3.500000 31.000000
118.500000 3.500000 28.470000
119.500000 3.500000 9.050000
120.500000 3.500000 10.010000
121.500000 3.500000 10.050000
122.500000 3.500000 10.040000
123.500000 3.500000 9.040000
124.500000 3.500000 9.170000
125.500000 3.500000 21.200000
126.500000 3.500000 16.900000
115.500000 2.500000 34.000000
116.500000 2.500000 33.000000
117.500000 2.500000 31.000000
118.500000 2.500000 28.360000
119.500000 2.500000 8.830000
120.500000 2.500000 8.940000
121.500000 2.500000 9.030000
122.500000 2.500000 9.900000
123.500000 2.500000 9.030000
124.500000 2.500000 8.830000
125.500000 2.500000 21.360000
126.500000 2.500000 19.190000
115.500000 1.500000 34.000000
116.500000 1.500000 33.000000
117.500000 1.500000 33.000000
118.500000 1.500000 30.000000
119.500000 1.500000 10.950000
120.500000 1.500000 17.850000
121.500000 1.500000 18.420000
122.500000 1.500000 17.420000
123.500000 1.500000 6.920000
124.500000 1.500000 21.450000
125.500000 1.500000 21.620000
126.500000 1.500000 20.110000
115.500000 0.500000 34.000000
116.500000 0.500000 33.000000
117.500000 0.500000 30.920000
118.500000 0.500000 28.750000
119.500000 0.500000 28.280000
120.500000 0.500000 30.000000
121.500000 0.500000 29.940000
122.500000 0.500000 29.520000
123.500000 0.500000 29.500000
124.500000 0.500000 28.760000
125.500000 0.500000 19.850000
126.500000 0.500000 19.840000
115.500000 -0.500000 33.000000
116.500000 -0.500000 33.000000
117.500000 -0.500000 30.930000
118.500000 -0.500000 27.800000
119.500000 -0.500000 29.230000
120.500000 -0.500000 29.240000
121.500000 -0.500000 29.620000
122.500000 -0.500000 29.810000
123.500000 -0.500000 28.330000
124.500000 -0.500000 20.050000
125.500000 -0.500000 20.690000
126.500000 -0.500000 20.360000
115.500000 -1.500000 33.000000
116.500000 -1.500000 31.000000
117.500000 -1.500000 28.300000
118.500000 -1.500000 26.950000
119.500000 -1.500000 31.000000
120.500000 -1.500000 33.000000
121.500000 -1.500000 31.000000
122.500000 -1.500000 29.870000
123.500000 -1.500000 28.730000
124.500000 -1.500000 22.070000
125.500000 -1.500000 20.450000
126.500000 -1.500000 19.800000
115.500000 -2.500000 32.990000
116.500000 -2.500000 30.000000
117.500000 -2.500000 28.760000
118.500000 -2.500000 28.620000
119.500000 -2.500000 33.000000
120.500000 -2.500000 32.990000
121.500000 -2.500000 31.000000
122.500000 -2.500000 21.510000
123.500000 -2.500000 17.870000
124.500000 -2.500000 11.030000
125.500000 -2.500000 11.170000
126.500000 -2.500000 19.980000
115.500000 -3.500000 32.000000
116.500000 -3.500000 29.990000
117.500000 -3.500000 28.750000
118.500000 -3.500000 27.760000
119.500000 -3.500000 32.000000
120.500000 -3.500000 30.870000
121.500000 -3.500000 31.000000
122.500000 -3.500000 22.910000
123.500000 -3.500000 16.690000
124.500000 -3.500000 10.320000
125.500000 -3.500000 10.360000
126.500000 -3.500000 24.430000
115.500000 -4.500000 28.980000
116.500000 -4.500000 28.960000
117.500000 -4.500000 27.960000
118.500000 -4.500000 27.420000
119.500000 -4.500000 34.990000
120.500000 -4.500000 33.470000
121.500000 -4.500000 33.690000
122.500000 -4.500000 31.000000
123.500000 -4.500000 11.910000
124.500000 -4.500000 9.360000
125.500000 -4.500000 9.860000
126.500000 -4.500000 10.550000
115.500000 -5.500000 28.950000
116.500000 -5.500000 28.880000
117.500000 -5.500000 28.710000
118.500000 -5.500000 30.480000
119.500000 -5.500000 32.940000
120.500000 -5.500000 32.330000
121.500000 -5.500000 30.400000
122.500000 -5.500000 31.380000
123.500000 -5.500000 21.550000
124.500000 -5.500000 18.100000
125.500000 -5.500000 13.070000
126.500000 -5.500000 10.330000
